Loading required package: optparse
R version 4.2.0 (2022-04-22)
Platform: x86_64-pc-linux-gnu (64-bit)
Running under: Ubuntu 18.04.5 LTS

Matrix products: default
BLAS:   /usr/lib/x86_64-linux-gnu/openblas/libblas.so.3
LAPACK: /usr/lib/x86_64-linux-gnu/libopenblasp-r0.2.20.so

locale:
 [1] LC_CTYPE=en_US.UTF-8       LC_NUMERIC=C              
 [3] LC_TIME=en_US.UTF-8        LC_COLLATE=en_US.UTF-8    
 [5] LC_MONETARY=en_US.UTF-8    LC_MESSAGES=en_US.UTF-8   
 [7] LC_PAPER=en_US.UTF-8       LC_NAME=C                 
 [9] LC_ADDRESS=C               LC_TELEPHONE=C            
[11] LC_MEASUREMENT=en_US.UTF-8 LC_IDENTIFICATION=C       

attached base packages:
[1] stats     graphics  grDevices utils     datasets  methods   base     

other attached packages:
[1] optparse_1.7.1 SAIGE_1.1.4   

loaded via a namespace (and not attached):
[1] compiler_4.2.0     Matrix_1.4-1       Rcpp_1.0.7         getopt_1.20.3     
[5] grid_4.2.0         data.table_1.14.2  RcppParallel_5.0.2 lattice_0.20-45   
$plinkFile
[1] ""

$bedFile
[1] ""

$bimFile
[1] ""

$famFile
[1] ""

$phenoFile
[1] "./GMMAT_pheno_quantitative_repeat.txt"

$phenoCol
[1] "y.trend"

$traitType
[1] "quantitative"

$invNormalize
[1] FALSE

$covarColList
[1] "sex"

$longlCol
[1] "time"

$qCovarColList
[1] ""

$sampleIDColinphenoFile
[1] "id"

$tol
[1] 0.02

$maxiter
[1] 20

$tolPCG
[1] 1e-05

$maxiterPCG
[1] 500

$nThreads
[1] 1

$SPAcutoff
[1] 2

$numRandomMarkerforVarianceRatio
[1] 30

$skipModelFitting
[1] FALSE

$skipVarianceRatioEstimation
[1] TRUE

$memoryChunk
[1] 2

$tauInit
[1] "0,0"

$LOCO
[1] TRUE

$isLowMemLOCO
[1] FALSE

$traceCVcutoff
[1] 1

$nrun
[1] 30

$ratioCVcutoff
[1] 0.001

$outputPrefix
[1] "GMMAT_quantitative_1.1.4"

$outputPrefix_varRatio
[1] ""

$IsOverwriteVarianceRatioFile
[1] FALSE

$sparseGRMFile
[1] "./GMMAT_GRM.mtx"

$sparseGRMSampleIDFile
[1] "./GMMAT_sampleID.txt"

$isCateVarianceRatio
[1] FALSE

$relatednessCutoff
[1] 0

$cateVarRatioMinMACVecExclude
[1] "10,20.5"

$cateVarRatioMaxMACVecInclude
[1] "20.5"

$isCovariateTransform
[1] FALSE

$isDiagofKinSetAsOne
[1] FALSE

$useSparseGRMtoFitNULL
[1] TRUE

$useSparseGRMforVarRatio
[1] FALSE

$minMAFforGRM
[1] 0.01

$maxMissingRateforGRM
[1] 0.15

$minCovariateCount
[1] -1

$includeNonautoMarkersforVarRatio
[1] FALSE

$FemaleOnly
[1] FALSE

$MaleOnly
[1] FALSE

$sexCol
[1] ""

$FemaleCode
[1] "1"

$MaleCode
[1] "0"

$isCovariateOffset
[1] FALSE

$SampleIDIncludeFile
[1] ""

$VmatFilelist
[1] ""

$VmatSampleFilelist
[1] ""

$help
[1] FALSE

tauInit  is  0 0 
cateVarRatioMinMACVecExclude  is  10 20.5 
cateVarRatioMaxMACVecInclude  is  20.5 
Sparse GRM is used to fit the null model and plink file is not specified, so variance ratios won't be estimated
Variance ratio estimation will be skipped
.Leave-one-chromosome-out is not applied
400  samples are in the sparse GRM
formula is  y.trend~sex 
2000  samples have non-missing phenotypes
Longitudinal variable  time  is specified
400  samples in geno file do not have phenotypes
0  samples will be used for analysis
2000  obsevations will be used for analysis
    IID X.Intercept. sex y.trend longlVar IndexPheno IndexGeno
1     1            1   0   -5.33        3        752         1
2     1            1   0   -4.90        2       1537         1
3     1            1   0   -9.95        5        885         1
4     1            1   0   -7.20        4       1117         1
5     1            1   0   -3.37        1       1036         1
556   2            1   1   16.26        5       1517         2
extract sparse GRM
[1] 160000
set elements in the sparse GRM <=  0  to zero
2000  observations have been used to fit the glmm null model
10 x 10 sparse Matrix of class "dsCMatrix"
                                                                             
 [1,] 1.068230 1.068230 1.068230 1.068230 1.068230 0.282074 0.282074 0.282074
 [2,] 1.068230 1.068230 1.068230 1.068230 1.068230 0.282074 0.282074 0.282074
 [3,] 1.068230 1.068230 1.068230 1.068230 1.068230 0.282074 0.282074 0.282074
 [4,] 1.068230 1.068230 1.068230 1.068230 1.068230 0.282074 0.282074 0.282074
 [5,] 1.068230 1.068230 1.068230 1.068230 1.068230 0.282074 0.282074 0.282074
 [6,] 0.282074 0.282074 0.282074 0.282074 0.282074 1.070440 1.070440 1.070440
 [7,] 0.282074 0.282074 0.282074 0.282074 0.282074 1.070440 1.070440 1.070440
 [8,] 0.282074 0.282074 0.282074 0.282074 0.282074 1.070440 1.070440 1.070440
 [9,] 0.282074 0.282074 0.282074 0.282074 0.282074 1.070440 1.070440 1.070440
[10,] 0.282074 0.282074 0.282074 0.282074 0.282074 1.070440 1.070440 1.070440
                       
 [1,] 0.282074 0.282074
 [2,] 0.282074 0.282074
 [3,] 0.282074 0.282074
 [4,] 0.282074 0.282074
 [5,] 0.282074 0.282074
 [6,] 1.070440 1.070440
 [7,] 1.070440 1.070440
 [8,] 1.070440 1.070440
 [9,] 1.070440 1.070440
[10,] 1.070440 1.070440
Kmat_vec.size() 1
10 x 10 sparse Matrix of class "dgCMatrix"
                                                                               
 [1,] 6.409380 5.341150  8.545840 7.477610 4.272920  2.256592 1.974518 1.692444
 [2,] 5.341150 4.272920  7.477610 6.409380 3.204690  1.974518 1.692444 1.410370
 [3,] 8.545840 7.477610 10.682300 9.614070 6.409380  2.820740 2.538666 2.256592
 [4,] 7.477610 6.409380  9.614070 8.545840 5.341150  2.538666 2.256592 1.974518
 [5,] 4.272920 3.204690  6.409380 5.341150 2.136460  1.692444 1.410370 1.128296
 [6,] 2.256592 1.974518  2.820740 2.538666 1.692444 10.704400 9.633960 8.563520
 [7,] 1.974518 1.692444  2.538666 2.256592 1.410370  9.633960 8.563520 7.493080
 [8,] 1.692444 1.410370  2.256592 1.974518 1.128296  8.563520 7.493080 6.422640
 [9,] 1.128296 0.846222  1.692444 1.410370 0.564148  6.422640 5.352200 4.281760
[10,] 1.410370 1.128296  1.974518 1.692444 0.846222  7.493080 6.422640 5.352200
                       
 [1,] 1.128296 1.410370
 [2,] 0.846222 1.128296
 [3,] 1.692444 1.974518
 [4,] 1.410370 1.692444
 [5,] 0.564148 0.846222
 [6,] 6.422640 7.493080
 [7,] 5.352200 6.422640
 [8,] 4.281760 5.352200
 [9,] 2.140880 3.211320
[10,] 3.211320 4.281760
Kmat_vec.size() 2
10 x 10 sparse Matrix of class "dgCMatrix"
                                                                        
 [1,]  9.614070  6.409380 16.02345 12.818760 3.204690  4.23111  3.384888
 [2,]  6.409380  4.272920 10.68230  8.545840 2.136460  2.82074  2.256592
 [3,] 16.023450 10.682300 26.70575 21.364600 5.341150  7.05185  5.641480
 [4,] 12.818760  8.545840 21.36460 17.091680 4.272920  5.64148  4.513184
 [5,]  3.204690  2.136460  5.34115  4.272920 1.068230  1.41037  1.128296
 [6,]  4.231110  2.820740  7.05185  5.641480 1.410370 26.76100 21.408800
 [7,]  3.384888  2.256592  5.64148  4.513184 1.128296 21.40880 17.127040
 [8,]  2.538666  1.692444  4.23111  3.384888 0.846222 16.05660 12.845280
 [9,]  0.846222  0.564148  1.41037  1.128296 0.282074  5.35220  4.281760
[10,]  1.692444  1.128296  2.82074  2.256592 0.564148 10.70440  8.563520
                                  
 [1,]  2.538666 0.846222  1.692444
 [2,]  1.692444 0.564148  1.128296
 [3,]  4.231110 1.410370  2.820740
 [4,]  3.384888 1.128296  2.256592
 [5,]  0.846222 0.282074  0.564148
 [6,] 16.056600 5.352200 10.704400
 [7,] 12.845280 4.281760  8.563520
 [8,]  9.633960 3.211320  6.422640
 [9,]  3.211320 1.070440  2.140880
[10,]  6.422640 2.140880  4.281760
length(unique(modelID))  400 
[1] 400 400
[1] "okkk5"
[1] 2000
[1] "okkk6"
Kmat_vec.size() 3
10 x 10 sparse Matrix of class "dgCMatrix"
                         
 [1,] 1 1 1 1 1 . . . . .
 [2,] 1 1 1 1 1 . . . . .
 [3,] 1 1 1 1 1 . . . . .
 [4,] 1 1 1 1 1 . . . . .
 [5,] 1 1 1 1 1 . . . . .
 [6,] . . . . . 1 1 1 1 1
 [7,] . . . . . 1 1 1 1 1
 [8,] . . . . . 1 1 1 1 1
 [9,] . . . . . 1 1 1 1 1
[10,] . . . . . 1 1 1 1 1
[1] "okkkkkkk7"
Kmat_vec.size() 4
10 x 10 sparse Matrix of class "dgCMatrix"
                           
 [1,] 6 5  8 7 4  . . . . .
 [2,] 5 4  7 6 3  . . . . .
 [3,] 8 7 10 9 6  . . . . .
 [4,] 7 6  9 8 5  . . . . .
 [5,] 4 3  6 5 2  . . . . .
 [6,] . .  . . . 10 9 8 6 7
 [7,] . .  . . .  9 8 7 5 6
 [8,] . .  . . .  8 7 6 4 5
 [9,] . .  . . .  6 5 4 2 3
[10,] . .  . . .  7 6 5 3 4
Kmat_vec.size() 5
10 x 10 sparse Matrix of class "dgCMatrix"
                                 
 [1,]  9  6 15 12 3  .  .  . .  .
 [2,]  6  4 10  8 2  .  .  . .  .
 [3,] 15 10 25 20 5  .  .  . .  .
 [4,] 12  8 20 16 4  .  .  . .  .
 [5,]  3  2  5  4 1  .  .  . .  .
 [6,]  .  .  .  . . 25 20 15 5 10
 [7,]  .  .  .  . . 20 16 12 4  8
 [8,]  .  .  .  . . 15 12  9 3  6
 [9,]  .  .  .  . .  5  4  3 1  2
[10,]  .  .  .  . . 10  8  6 2  4
Markers in the Plink file with MAF <  0.01  will be removed before constructing GRM
Markers in the Plink file with missing rate >  0.15  will be removed before constructing GRM
y.trend  is a quantitative trait
glm:

Call:  glm(formula = formula.new, family = gaussian(link = "identity"), 
    data = data.new)

Coefficients:
(Intercept)          sex  
      3.758        1.521  

Degrees of Freedom: 1999 Total (i.e. Null);  1998 Residual
Null Deviance:	    61350 
Residual Deviance: 60190 	AIC: 12490
Start fitting the NULL GLMM
   user  system elapsed 
  3.115   0.615   3.753 
   user  system elapsed 
  3.215   0.615   3.853 
[1] "Start reading genotype plink file here"
Error! fam file not open!time: 0.041
[1] "Genotype reading is done"
tauInit[1] 0 0 0 0 0 0 0
inital tau is  4.384421 4.384421 4.384421 4.384421 4.384421 4.384421 4.384421 
use sparse kinship to fit the model 
after Sigma_iY
use sparse kinship to fit the model 
use sparse kinship to fit the model 
Tau:
[1] 4.384421 4.384421 4.384421 4.384421 4.384421 4.384421 4.384421
Fixed-effect coefficients:
          [,1]
[1,] 0.2396322
[2,] 0.4299381
use sparse kinship to fit the model 
after Sigma_iY
use sparse kinship to fit the model 
use sparse kinship to fit the model 
Tau:
[1] 4.384421 4.384421 4.384421 4.384421 4.384421 4.384421 4.384421
Fixed-effect coefficients:
          [,1]
[1,] 0.2396322
[2,] 0.4299381
[1] "alpha"
          [,1]
[1,] 0.2396322
[2,] 0.4299381
k1 7
use sparse kinship to fit the model 
use sparse kinship to fit the model 
use sparse kinship to fit the model 
use sparse kinship to fit the model 
use sparse kinship to fit the model 
use sparse kinship to fit the model 
use sparse kinship to fit the model 
AI
   43.1031    7.6273  -15.7968    8.1793    7.8767  -16.3762    8.5110
    7.6273   11.7046  -21.6124    9.8945    4.3954   -8.0846    3.6696
  -15.7968  -21.6124   46.4779  -24.6942   -8.0762   19.3382  -11.1143
    8.1793    9.8945  -24.6942   15.5628    3.6612  -11.1067    8.2020
    7.8767    4.3954   -8.0762    3.6612    4.5584   -8.3017    3.7198
  -16.3762   -8.0846   19.3382  -11.1067   -8.3017   20.2290  -11.7553
    8.5110    3.6696  -11.1143    8.2020    3.7198  -11.7553    8.9273
idxtau
        0
        1
        2
        3
        4
        5
        6
use sparse kinship to fit the model 
use sparse kinship to fit the model 
use sparse kinship to fit the model 
use sparse kinship to fit the model 
use sparse kinship to fit the model 
use sparse kinship to fit the model 
use sparse kinship to fit the model 
use sparse kinship to fit the model 
use sparse kinship to fit the model 
use sparse kinship to fit the model 
use sparse kinship to fit the model 
use sparse kinship to fit the model 
use sparse kinship to fit the model 
use sparse kinship to fit the model 
use sparse kinship to fit the model 
use sparse kinship to fit the model 
use sparse kinship to fit the model 
use sparse kinship to fit the model 
use sparse kinship to fit the model 
use sparse kinship to fit the model 
use sparse kinship to fit the model 
use sparse kinship to fit the model 
use sparse kinship to fit the model 
use sparse kinship to fit the model 
use sparse kinship to fit the model 
use sparse kinship to fit the model 
use sparse kinship to fit the model 
use sparse kinship to fit the model 
use sparse kinship to fit the model 
use sparse kinship to fit the model 
dim temp_mat_update30 7
YPAPY_update
   1.8908e+02
   3.3283e+01
  -6.7869e+01
   4.2528e+01
   3.4346e+01
  -7.0405e+01
   4.4547e+01
Trace
   3.6486e+02
   4.9811e+01
  -7.6801e+01
   6.9196e+01
   5.2756e+01
  -8.4394e+01
   8.0439e+01
[1] "re$YPAPY"
          [,1]
[1,] 189.07831
[2,]  33.28262
[3,] -67.86945
[4,]  42.52800
[5,]  34.34558
[6,] -70.40516
[7,]  44.54662
[1] "re$Trace"
          [,1]
[1,] 364.86215
[2,]  49.81147
[3,] -76.80085
[4,]  69.19594
[5,]  52.75602
[6,] -84.39446
[7,]  80.43924
Variance component estimates:
[1] 2.694862 4.225553 4.470266 4.128100 4.207468 4.518880 4.039436

Iteration  1 2.694862 4.225553 4.470266 4.1281 4.207468 4.51888 4.039436 :
tau0_v1:  2.694862 4.225553 4.470266 4.1281 4.207468 4.51888 4.039436 
use sparse kinship to fit the model 
after Sigma_iY
use sparse kinship to fit the model 
use sparse kinship to fit the model 
Tau:
[1] 2.694862 4.225553 4.470266 4.128100 4.207468 4.518880 4.039436
Fixed-effect coefficients:
          [,1]
[1,] 0.2244584
[2,] 0.3805561
[1] "alpha"
          [,1]
[1,] 0.2244584
[2,] 0.3805561
t_end_Get_Coef - t_begin_Get_Coef
   user  system elapsed 
  2.391   0.584   2.975 
k1 7
use sparse kinship to fit the model 
use sparse kinship to fit the model 
use sparse kinship to fit the model 
use sparse kinship to fit the model 
use sparse kinship to fit the model 
use sparse kinship to fit the model 
use sparse kinship to fit the model 
AI
   2.9925e+02   1.0306e+02  -2.2372e+02   1.2135e+02   9.4089e+01  -2.0403e+02   1.1058e+02
   1.0306e+02   7.3444e+01  -1.5657e+02   8.3257e+01   5.6353e+01  -1.1738e+02   6.0954e+01
  -2.2372e+02  -1.5657e+02   3.3617e+02  -1.9218e+02  -1.1580e+02   2.6316e+02  -1.4897e+02
   1.2135e+02   8.3257e+01  -1.9218e+02   1.1136e+02   5.9253e+01  -1.4714e+02   9.0762e+01
   9.4089e+01   5.6353e+01  -1.1580e+02   5.9253e+01   5.1577e+01  -1.0638e+02   5.4645e+01
  -2.0403e+02  -1.1738e+02   2.6316e+02  -1.4714e+02  -1.0638e+02   2.4372e+02  -1.3904e+02
   1.1058e+02   6.0954e+01  -1.4897e+02   9.0762e+01   5.4645e+01  -1.3904e+02   8.7570e+01
idxtau
        0
        1
        2
        3
        4
        5
        6
use sparse kinship to fit the model 
use sparse kinship to fit the model 
use sparse kinship to fit the model 
use sparse kinship to fit the model 
use sparse kinship to fit the model 
use sparse kinship to fit the model 
use sparse kinship to fit the model 
use sparse kinship to fit the model 
use sparse kinship to fit the model 
use sparse kinship to fit the model 
use sparse kinship to fit the model 
use sparse kinship to fit the model 
use sparse kinship to fit the model 
use sparse kinship to fit the model 
use sparse kinship to fit the model 
use sparse kinship to fit the model 
use sparse kinship to fit the model 
use sparse kinship to fit the model 
use sparse kinship to fit the model 
use sparse kinship to fit the model 
use sparse kinship to fit the model 
use sparse kinship to fit the model 
use sparse kinship to fit the model 
use sparse kinship to fit the model 
use sparse kinship to fit the model 
use sparse kinship to fit the model 
use sparse kinship to fit the model 
use sparse kinship to fit the model 
use sparse kinship to fit the model 
use sparse kinship to fit the model 
dim temp_mat_update30 7
YPAPY_update
   6.6332e+02
   1.8523e+02
  -4.0417e+02
   2.2912e+02
   1.7566e+02
  -3.8450e+02
   2.1965e+02
Trace
   6.4820e+02
   8.6989e+01
  -1.9463e+02
   1.5350e+02
   1.1099e+02
  -2.1788e+02
   1.5827e+02
YPAPY
   6.6332e+02
   1.8523e+02
  -4.0417e+02
   2.2912e+02
   1.7566e+02
  -3.8450e+02
   2.1965e+02
Trace
   6.4820e+02
   8.6989e+01
  -1.9463e+02
   1.5350e+02
   1.1099e+02
  -2.1788e+02
   1.5827e+02
score
   1.5116e+01
   9.8245e+01
  -2.0954e+02
   7.5614e+01
   6.4662e+01
  -1.6662e+02
   6.1383e+01
Dtau
   -1.0082
   -3.4151
   -0.1971
    3.4973
  -41.3878
  -41.9886
  -40.4472
score1
   1.5116e+01
   9.8245e+01
  -2.0954e+02
   7.5614e+01
   6.4662e+01
  -1.6662e+02
   6.1383e+01
AI1
   2.9925e+02   1.0306e+02  -2.2372e+02   1.2135e+02   9.4089e+01  -2.0403e+02   1.1058e+02
   1.0306e+02   7.3444e+01  -1.5657e+02   8.3257e+01   5.6353e+01  -1.1738e+02   6.0954e+01
  -2.2372e+02  -1.5657e+02   3.3617e+02  -1.9218e+02  -1.1580e+02   2.6316e+02  -1.4897e+02
   1.2135e+02   8.3257e+01  -1.9218e+02   1.1136e+02   5.9253e+01  -1.4714e+02   9.0762e+01
   9.4089e+01   5.6353e+01  -1.1580e+02   5.9253e+01   5.1577e+01  -1.0638e+02   5.4645e+01
  -2.0403e+02  -1.1738e+02   2.6316e+02  -1.4714e+02  -1.0638e+02   2.4372e+02  -1.3904e+02
   1.1058e+02   6.0954e+01  -1.4897e+02   9.0762e+01   5.4645e+01  -1.3904e+02   8.7570e+01
t_end_fitglmmaiRPCG - t_begin_fitglmmaiRPCG
   user  system elapsed 
 30.143   7.586  37.736 
[1] 0.22906788 0.67545860 0.02248967 0.29704975 0.99526904 0.99559363 0.99507321
tau:  1.686623 0.8104393 4.273179 7.625422 0 0 0 
tau0:  2.694862 4.225553 4.470266 4.1281 4.207468 4.51888 4.039436 

Iteration  2 1.686623 0.8104393 4.273179 7.625422 0 0 0 :
tau0_v1:  1.686623 0.8104393 4.273179 7.625422 0 0 0 
use sparse kinship to fit the model 
after Sigma_iY
use sparse kinship to fit the model 
use sparse kinship to fit the model 
Tau:
[1] 1.6866229 0.8104393 4.2731786 7.6254215 0.0000000 0.0000000 0.0000000
Fixed-effect coefficients:
          [,1]
[1,] 0.6191859
[2,] 0.5124316
use sparse kinship to fit the model 
after Sigma_iY
use sparse kinship to fit the model 
use sparse kinship to fit the model 
Tau:
[1] 1.6866229 0.8104393 4.2731786 7.6254215 0.0000000 0.0000000 0.0000000
Fixed-effect coefficients:
          [,1]
[1,] 0.6191859
[2,] 0.5124316
[1] "alpha"
          [,1]
[1,] 0.6191859
[2,] 0.5124316
t_end_Get_Coef - t_begin_Get_Coef
   user  system elapsed 
  4.655   1.236   5.893 
k1 7
use sparse kinship to fit the model 
use sparse kinship to fit the model 
use sparse kinship to fit the model 
use sparse kinship to fit the model 
use sparse kinship to fit the model 
use sparse kinship to fit the model 
use sparse kinship to fit the model 
AI
   3.0185e+03   1.4541e+03  -1.4648e+03   3.6888e+02   1.7613e+03  -1.7755e+03   4.4740e+02
   1.4541e+03   8.2504e+02  -7.8952e+02   1.8855e+02   1.0300e+03  -9.9087e+02   2.3806e+02
  -1.4648e+03  -7.8952e+02   9.1555e+02  -2.5965e+02  -9.9087e+02   1.1419e+03  -3.2223e+02
   3.6888e+02   1.8855e+02  -2.5965e+02   8.4100e+01   2.3806e+02  -3.2224e+02   1.0317e+02
   1.7613e+03   1.0300e+03  -9.9087e+02   2.3806e+02   1.2472e+03  -1.2016e+03   2.8917e+02
  -1.7755e+03  -9.9087e+02   1.1419e+03  -3.2224e+02  -1.2016e+03   1.3824e+03  -3.8957e+02
   4.4740e+02   2.3806e+02  -3.2223e+02   1.0317e+02   2.8917e+02  -3.8957e+02   1.2435e+02
idxtau
        0
        1
        2
        3
        4
        5
        6
use sparse kinship to fit the model 
use sparse kinship to fit the model 
use sparse kinship to fit the model 
use sparse kinship to fit the model 
use sparse kinship to fit the model 
use sparse kinship to fit the model 
use sparse kinship to fit the model 
use sparse kinship to fit the model 
use sparse kinship to fit the model 
use sparse kinship to fit the model 
use sparse kinship to fit the model 
use sparse kinship to fit the model 
use sparse kinship to fit the model 
use sparse kinship to fit the model 
use sparse kinship to fit the model 
use sparse kinship to fit the model 
use sparse kinship to fit the model 
use sparse kinship to fit the model 
use sparse kinship to fit the model 
use sparse kinship to fit the model 
use sparse kinship to fit the model 
use sparse kinship to fit the model 
use sparse kinship to fit the model 
use sparse kinship to fit the model 
use sparse kinship to fit the model 
use sparse kinship to fit the model 
use sparse kinship to fit the model 
use sparse kinship to fit the model 
use sparse kinship to fit the model 
use sparse kinship to fit the model 
dim temp_mat_update30 7
YPAPY_update
   2.8231e+03
   1.1851e+03
  -1.1781e+03
   3.0676e+02
   1.3866e+03
  -1.3752e+03
   3.5729e+02
Trace
   1.2093e+03
   2.8638e+02
  -2.6076e+02
   1.1029e+02
   3.5171e+02
  -3.2642e+02
   1.3595e+02
YPAPY
   2.8231e+03
   1.1851e+03
  -1.1781e+03
   3.0676e+02
   1.3866e+03
  -1.3752e+03
   3.5729e+02
Trace
   1.2093e+03
   2.8638e+02
  -2.6076e+02
   1.1029e+02
   3.5171e+02
  -3.2642e+02
   1.3595e+02
score
   1.6139e+03
   8.9875e+02
  -9.1732e+02
   1.9647e+02
   1.0349e+03
  -1.0488e+03
   2.2134e+02
Dtau
    0.2747
  -10.6897
  -13.7992
  -20.3150
    4.9232
    2.6574
   -0.7701
score1
   1.6139e+03
   8.9875e+02
  -9.1732e+02
   1.9647e+02
   1.0349e+03
  -1.0488e+03
   2.2134e+02
AI1
   3.0185e+03   1.4541e+03  -1.4648e+03   3.6888e+02   1.7613e+03  -1.7755e+03   4.4740e+02
   1.4541e+03   8.2504e+02  -7.8952e+02   1.8855e+02   1.0300e+03  -9.9087e+02   2.3806e+02
  -1.4648e+03  -7.8952e+02   9.1555e+02  -2.5965e+02  -9.9087e+02   1.1419e+03  -3.2223e+02
   3.6888e+02   1.8855e+02  -2.5965e+02   8.4100e+01   2.3806e+02  -3.2224e+02   1.0317e+02
   1.7613e+03   1.0300e+03  -9.9087e+02   2.3806e+02   1.2472e+03  -1.2016e+03   2.8917e+02
  -1.7755e+03  -9.9087e+02   1.1419e+03  -3.2224e+02  -1.2016e+03   1.3824e+03  -3.8957e+02
   4.4740e+02   2.3806e+02  -3.2223e+02   1.0317e+02   2.8917e+02  -3.8957e+02   1.2435e+02
t_end_fitglmmaiRPCG - t_begin_fitglmmaiRPCG
   user  system elapsed 
 29.464   7.727  37.196 
[1] 0.0748906 0.9759164 0.9953414 0.9973841 0.9959540 0.9925301 0.0000000
tau:  1.961317 0 0 0 4.923158 2.657409 0 
tau0:  1.686623 0.8104393 4.273179 7.625422 0 0 0 

Iteration  3 1.961317 0 0 0 4.923158 2.657409 0 :
tau0_v1:  1.961317 0 0 0 4.923158 2.657409 0 
use sparse kinship to fit the model 
after Sigma_iY
use sparse kinship to fit the model 
use sparse kinship to fit the model 
Tau:
[1] 1.961317 0.000000 0.000000 0.000000 4.923158 2.657409 0.000000
Fixed-effect coefficients:
          [,1]
[1,] -8.097999
[2,] -2.377775
use sparse kinship to fit the model 
after Sigma_iY
use sparse kinship to fit the model 
use sparse kinship to fit the model 
Tau:
[1] 1.961317 0.000000 0.000000 0.000000 4.923158 2.657409 0.000000
Fixed-effect coefficients:
          [,1]
[1,] -8.097999
[2,] -2.377775
[1] "alpha"
          [,1]
[1,] -8.097999
[2,] -2.377775
t_end_Get_Coef - t_begin_Get_Coef
   user  system elapsed 
  0.004   0.000   0.005 
k1 7
use sparse kinship to fit the model 
use sparse kinship to fit the model 
use sparse kinship to fit the model 
use sparse kinship to fit the model 
use sparse kinship to fit the model 
use sparse kinship to fit the model 
use sparse kinship to fit the model 
AI
  -2.8337e+03  -4.5842e+02   9.1656e+04  -4.4976e+05  -2.3663e+02   4.3526e+03  -1.5879e+04
  -4.5842e+02  -7.4018e+01   8.1124e+03  -5.8582e+04  -2.7033e+01   5.3843e+02  -2.1799e+03
   9.1656e+04   8.1124e+03  -2.7119e+06   1.9704e+07   4.4884e+02  -7.0787e+04   5.0250e+05
  -4.4976e+05  -5.8582e+04   1.9704e+07  -1.1731e+08  -1.7265e+03   6.9595e+05  -2.9854e+06
  -2.3663e+02  -2.7033e+01   4.4884e+02  -1.7265e+03  -2.6411e+01   3.7013e+02  -9.6540e+02
   4.3526e+03   5.3843e+02  -7.0787e+04   6.9595e+05   3.7013e+02  -4.9138e+03   1.9555e+04
  -1.5879e+04  -2.1799e+03   5.0250e+05  -2.9854e+06  -9.6540e+02   1.9555e+04  -8.9506e+04
idxtau
        0
        1
        2
        3
        4
        5
        6
use sparse kinship to fit the model 
use sparse kinship to fit the model 
use sparse kinship to fit the model 
use sparse kinship to fit the model 
use sparse kinship to fit the model 
use sparse kinship to fit the model 
use sparse kinship to fit the model 
use sparse kinship to fit the model 
use sparse kinship to fit the model 
use sparse kinship to fit the model 
use sparse kinship to fit the model 
use sparse kinship to fit the model 
use sparse kinship to fit the model 
use sparse kinship to fit the model 
use sparse kinship to fit the model 
use sparse kinship to fit the model 
use sparse kinship to fit the model 
use sparse kinship to fit the model 
use sparse kinship to fit the model 
use sparse kinship to fit the model 
use sparse kinship to fit the model 
use sparse kinship to fit the model 
use sparse kinship to fit the model 
use sparse kinship to fit the model 
use sparse kinship to fit the model 
use sparse kinship to fit the model 
use sparse kinship to fit the model 
use sparse kinship to fit the model 
use sparse kinship to fit the model 
use sparse kinship to fit the model 
dim temp_mat_update30 7
YPAPY_update
   3.4732e+03
   3.9862e+02
  -4.8268e+03
   4.3203e+05
   3.8945e+02
  -2.6989e+03
   1.6069e+04
Trace
   3.1381e+02
  -2.5712e+01
   5.3574e+02
  -7.1107e+02
  -2.6734e+01
   5.7090e+02
  -9.6834e+02
YPAPY
   3.4732e+03
   3.9862e+02
  -4.8268e+03
   4.3203e+05
   3.8945e+02
  -2.6989e+03
   1.6069e+04
Trace
   3.1381e+02
  -2.5712e+01
   5.3574e+02
  -7.1107e+02
  -2.6734e+01
   5.7090e+02
  -9.6834e+02
score
   3.1594e+03
   4.2433e+02
  -5.3626e+03
   4.3274e+05
   4.1618e+02
  -3.2698e+03
   1.7037e+04
Dtau
   12.2738
   -6.4665
   -0.1898
   -0.0042
  -17.0314
   -0.4814
   -3.0579
score1
   3.1594e+03
   4.2433e+02
  -5.3626e+03
   4.3274e+05
   4.1618e+02
  -3.2698e+03
   1.7037e+04
AI1
  -2.8337e+03  -4.5842e+02   9.1656e+04  -4.4976e+05  -2.3663e+02   4.3526e+03  -1.5879e+04
  -4.5842e+02  -7.4018e+01   8.1124e+03  -5.8582e+04  -2.7033e+01   5.3843e+02  -2.1799e+03
   9.1656e+04   8.1124e+03  -2.7119e+06   1.9704e+07   4.4884e+02  -7.0787e+04   5.0250e+05
  -4.4976e+05  -5.8582e+04   1.9704e+07  -1.1731e+08  -1.7265e+03   6.9595e+05  -2.9854e+06
  -2.3663e+02  -2.7033e+01   4.4884e+02  -1.7265e+03  -2.6411e+01   3.7013e+02  -9.6540e+02
   4.3526e+03   5.3843e+02  -7.0787e+04   6.9595e+05   3.7013e+02  -4.9138e+03   1.9555e+04
  -1.5879e+04  -2.1799e+03   5.0250e+05  -2.9854e+06  -9.6540e+02   1.9555e+04  -8.9506e+04
t_end_fitglmmaiRPCG - t_begin_fitglmmaiRPCG
   user  system elapsed 
  0.954   0.000   0.953 
[1] 0.75687382 0.00000000 0.00000000 0.00000000 0.99595400 0.09919749 0.00000000
tau:  14.23509 0 0 0 0 2.175967 0 
tau0:  1.961317 0 0 0 4.923158 2.657409 0 

Iteration  4 14.23509 0 0 0 0 2.175967 0 :
tau0_v1:  14.23509 0 0 0 0 2.175967 0 
use sparse kinship to fit the model 
after Sigma_iY
use sparse kinship to fit the model 
use sparse kinship to fit the model 
Tau:
[1] 14.235094  0.000000  0.000000  0.000000  0.000000  2.175967  0.000000
Fixed-effect coefficients:
         [,1]
[1,] 2.420727
[2,] 1.081297
use sparse kinship to fit the model 
after Sigma_iY
use sparse kinship to fit the model 
use sparse kinship to fit the model 
Tau:
[1] 14.235094  0.000000  0.000000  0.000000  0.000000  2.175967  0.000000
Fixed-effect coefficients:
         [,1]
[1,] 2.420727
[2,] 1.081297
[1] "alpha"
         [,1]
[1,] 2.420727
[2,] 1.081297
t_end_Get_Coef - t_begin_Get_Coef
   user  system elapsed 
  0.003   0.000   0.003 
k1 7
use sparse kinship to fit the model 
use sparse kinship to fit the model 
use sparse kinship to fit the model 
use sparse kinship to fit the model 
use sparse kinship to fit the model 
use sparse kinship to fit the model 
use sparse kinship to fit the model 
AI
   4.5217e+00   1.3172e-01  -9.1094e+01   4.1673e+02  -5.1300e-02  -2.4293e+00   3.0115e+01
   1.3172e-01   3.6580e+00  -3.4583e+01  -6.4299e+01   1.9204e+00   1.0238e+01   1.0762e+01
  -9.1094e+01  -3.4583e+01   2.3104e+04   3.6185e+04   1.0192e+01   6.8122e+02   1.0868e+03
   4.1673e+02  -6.4299e+01   3.6185e+04   2.6596e+05   1.0838e+01   1.0203e+03   7.3088e+03
  -5.1300e-02   1.9204e+00   1.0192e+01   1.0838e+01   1.8146e+00   1.0824e+01   1.1997e+01
  -2.4293e+00   1.0238e+01   6.8122e+02   1.0203e+03   1.0824e+01   1.1014e+02   1.8887e+02
   3.0115e+01   1.0762e+01   1.0868e+03   7.3088e+03   1.1997e+01   1.8887e+02   7.3578e+02
idxtau
        0
        1
        2
        3
        4
        5
        6
use sparse kinship to fit the model 
use sparse kinship to fit the model 
use sparse kinship to fit the model 
use sparse kinship to fit the model 
use sparse kinship to fit the model 
use sparse kinship to fit the model 
use sparse kinship to fit the model 
use sparse kinship to fit the model 
use sparse kinship to fit the model 
use sparse kinship to fit the model 
use sparse kinship to fit the model 
use sparse kinship to fit the model 
use sparse kinship to fit the model 
use sparse kinship to fit the model 
use sparse kinship to fit the model 
use sparse kinship to fit the model 
use sparse kinship to fit the model 
use sparse kinship to fit the model 
use sparse kinship to fit the model 
use sparse kinship to fit the model 
use sparse kinship to fit the model 
use sparse kinship to fit the model 
use sparse kinship to fit the model 
use sparse kinship to fit the model 
use sparse kinship to fit the model 
use sparse kinship to fit the model 
use sparse kinship to fit the model 
use sparse kinship to fit the model 
use sparse kinship to fit the model 
use sparse kinship to fit the model 
dim temp_mat_update30 7
YPAPY_update
   5.9469e+01
   2.4152e+01
   1.8528e+02
   8.2972e+03
   2.2821e+01
   2.0509e+02
   8.3965e+02
Trace
   1.2606e+02
   2.9912e+01
   8.9355e+01
   3.4799e+02
   3.1664e+01
   9.3591e+01
   3.5083e+02
YPAPY
   5.9469e+01
   2.4152e+01
   1.8528e+02
   8.2972e+03
   2.2821e+01
   2.0509e+02
   8.3965e+02
Trace
   1.2606e+02
   2.9912e+01
   8.9355e+01
   3.4799e+02
   3.1664e+01
   9.3591e+01
   3.5083e+02
score
  -6.6596e+01
  -5.7593e+00
   9.5921e+01
   7.9493e+03
  -8.8428e+00
   1.1150e+02
   4.8883e+02
Dtau
  -91.4620
    2.7803
   -0.2736
    0.0522
   52.5224
  -19.7197
    8.4586
score1
  -6.6596e+01
  -5.7593e+00
   9.5921e+01
   7.9493e+03
  -8.8428e+00
   1.1150e+02
   4.8883e+02
AI1
   4.5217e+00   1.3172e-01  -9.1094e+01   4.1673e+02  -5.1300e-02  -2.4293e+00   3.0115e+01
   1.3172e-01   3.6580e+00  -3.4583e+01  -6.4299e+01   1.9204e+00   1.0238e+01   1.0762e+01
  -9.1094e+01  -3.4583e+01   2.3104e+04   3.6185e+04   1.0192e+01   6.8122e+02   1.0868e+03
   4.1673e+02  -6.4299e+01   3.6185e+04   2.6596e+05   1.0838e+01   1.0203e+03   7.3088e+03
  -5.1300e-02   1.9204e+00   1.0192e+01   1.0838e+01   1.8146e+00   1.0824e+01   1.1997e+01
  -2.4293e+00   1.0238e+01   6.8122e+02   1.0203e+03   1.0824e+01   1.1014e+02   1.8887e+02
   3.0115e+01   1.0762e+01   1.0868e+03   7.3088e+03   1.1997e+01   1.8887e+02   7.3578e+02
t_end_fitglmmaiRPCG - t_begin_fitglmmaiRPCG
   user  system elapsed 
  0.952   0.000   0.952 
[1] 0.9985970 0.9928578 0.0000000 0.7228344 0.9996194 0.9908924 0.9976411
tau:  0 2.780277 0 0.05215902 52.52243 0 8.458594 
tau0:  14.23509 0 0 0 0 2.175967 0 
Error in glmmkin.ai_PCG_Rcpp_multiV(bedFile, bimFile, famFile, Xorig,  : 
  ERROR! The first variance component parameter estimate is 0
Calls: fitNULLGLMM_multiV -> system.time -> glmmkin.ai_PCG_Rcpp_multiV
Timing stopped at: 104.4 26.12 130.5
Execution halted
